453862,13,0,0,36,126,2007-10-08 10:55:31,2007-10-08 10:57:50,90,0,0,0,5,16,13,15,13,-1,-1,0,0,0,3,0,0,0,0,0,0,0,0,0,0,1,1,2,4,0,1,0,0,1,0,0,0,0,0,0,0,0,0,00001023911191840931,74013,,1009,,40317,,1009,7415572532,1,,,,,,,,74013,,,,,,,,,
453869,0,0,0,163,163,2007-10-08 10:55:22,2007-10-08 10:58:05,0,0,0,138,0,3,-1,1,2,-1,-1,0,0,0,0,0,0,0,0,0,0,0,0,0,0,0,1,4,4,0,1,0,0,0,0,0,0,0,0,0,0,0,0,00001023781191840922,74001,,1012,,,,1012,6188642689,1,,,,,,,,74001,,,,,,,,,
453870,0,0,0,0,60,2007-10-08 10:57:09,2007-10-08 10:58:09,0,0,0,0,0,911,-1,911,-1,-1,-1,0,0,0,0,0,0,0,0,0,0,0,0,0,0,0,1,4,0,0,1,0,0,0,0,0,0,0,0,0,0,0,0,00001025341191841029,1087,,1087,,,,1087,3465496498,,,,,,,,,,,,,,,,,,
453875,6,47,0,60,656,2007-10-08 10:46:04,2007-10-08 10:58:28,227,0,0,0,4,18,14,15,14,-1,-1,0,0,0,3,0,0,0,0,1,0,0,0,0,0,1,1,2,4,1,1,0,0,1,0,0,0,0,0,0,0,0,0,00001016761191840364,74015,,1009,,40155,,1009,7809640792,4,,,,,,,,74015,,,,,,,,,
453876,6,2,0,37,247,2007-10-08 10:54:05,2007-10-08 10:58:28,37,0,0,0,4,63,57,7,57,-1,-1,0,0,0,3,0,0,0,0,0,0,0,0,0,1,1,1,2,4,1,1,0,0,3,0,0,0,0,0,0,0,0,0,00001022721191840845,74025,,1011,,40196,,1011,4339496401,1,,,,,,,,74025,,,,,,,,,
453877,11,7,0,45,552,2007-10-08 10:48:26,2007-10-08 10:58:28,220,0,0,0,4,16,13,15,13,-1,-1,0,0,0,3,0,0,0,0,0,0,0,0,0,1,1,1,2,4,1,1,0,0,1,0,0,0,0,0,0,0,0,0,00001018691191840506,74013,,1606,,40310,,1606,3133385882,2,,,,,,,,74013,,,,,,,,,
453880,0,0,0,34,743,2007-10-08 10:43:05,2007-10-08 10:58:34,0,0,0,0,0,929,-1,929,-1,-1,-1,0,0,0,0,0,0,0,0,0,0,0,0,0,1,0,1,1,0,0,1,0,0,0,0,0,0,0,0,0,0,0,0,00001014351191840185,,,,,,,,3404687707,,,,,,,,,,,,,,,,,,
453887,7,9,0,58,488,2007-10-08 10:50:39,2007-10-08 10:58:47,132,0,0,0,4,18,14,15,14,-1,-1,0,0,0,3,0,0,0,0,0,0,0,0,0,1,1,1,2,4,1,1,0,0,1,0,0,0,0,0,0,0,0,0,00001020131191840639,74015,,1009,,40108,,1009,5114284569,4,,,,,,,,74015,,,,,,,,,
453888,0,0,0,0,6,2007-10-08 10:58:53,2007-10-08 10:58:59,0,0,0,0,0,911,-1,911,-1,-1,-1,0,0,0,0,0,0,0,0,0,0,0,0,0,0,0,1,4,0,0,1,0,0,0,0,0,0,0,0,0,0,0,0,00001026591191841133,1087,,1087,,,,1087,7234961461,,,,,,,,,,,,,,,,,,
453891,72,0,0,60,163,2007-10-08 10:55:11,2007-10-08 10:59:06,103,0,0,0,4,18,14,15,14,-1,-1,0,0,0,3,0,0,0,0,0,0,0,0,0,0,1,1,2,4,0,1,0,0,1,0,0,0,0,0,0,0,0,0,00001023611191840911,74015,,1009,,40111,,1009,7188493989,4,,,,,,,,74015,,,,,,,,,
453893,3,0,0,44,173,2007-10-08 10:56:15,2007-10-08 10:59:11,129,0,0,0,4,16,13,15,13,-1,-1,0,0,0,3,0,0,0,0,0,0,0,0,0,0,1,1,2,4,0,1,0,0,1,0,0,0,0,0,0,0,0,0,00001024601191840975,74013,,1009,,40311,,1009,5119780434,2,,,,,,,,74013,,,,,,,,,
453894,0,0,0,0,0,2007-10-08 10:59:12,2007-10-08 10:59:12,0,0,0,0,0,913,-1,913,-1,-1,-1,0,0,0,0,0,0,0,0,0,0,0,0,0,0,0,1,6,0,0,1,0,0,0,0,0,0,0,0,0,0,0,0,00001026751191841152,1824,,1824,,,,1824,9959938868,,,,,,,,,,,,,,,,,,
453899,0,0,0,110,110,2007-10-08 10:57:36,2007-10-08 10:59:26,0,0,0,75,0,2,-1,1,1,-1,-1,0,0,0,0,0,0,0,0,0,0,0,0,0,0,0,1,4,4,0,1,0,0,0,0,0,0,0,0,0,0,0,0,00001025701191841056,74004,,2012,,,,2012,9114281803,1,,,,,,,,74004,,,,,,,,,
453900,7,454,0,62,1044,2007-10-08 10:41:57,2007-10-08 10:59:28,528,0,0,0,5,8,6,7,6,-1,-1,0,0,0,3,0,0,0,0,0,0,0,0,0,0,1,1,2,4,1,1,0,0,3,0,0,0,0,0,0,0,0,0,00001013611191840117,74009,,1011,,40202,,1011,3116878459,1,,,,,,,,74009,,,,,,,,,
453901,0,0,0,162,162,2007-10-08 10:56:48,2007-10-08 10:59:30,0,0,0,139,0,3,2,1,2,-1,-1,0,0,0,0,0,0,0,0,0,0,0,0,0,0,0,1,3,4,0,1,0,0,0,0,0,0,0,0,0,0,0,0,00001025091191841008,74001,,2013,,,,2013,3709843581,1,,,,,,,,74001,,,,,,,,,
453904,180,2,0,61,988,2007-10-08 10:41:12,2007-10-08 10:59:32,788,0,0,0,4,18,14,15,14,-1,-1,0,0,0,3,0,0,0,0,1,0,0,0,0,0,1,1,2,4,1,1,0,0,1,0,0,0,0,0,0,0,0,0,00001013161191840072,74015,,1009,,40121,,1009,4148642911,4,,,,,,,,74015,,,,,,,,,
453911,545,0,0,62,192,2007-10-08 10:47:37,2007-10-08 10:59:54,130,0,0,0,4,8,6,7,6,-1,-1,0,0,0,3,0,0,0,0,0,0,0,0,0,0,1,1,2,4,0,1,0,0,3,0,0,0,0,0,0,0,0,0,00001018111191840457,74009,,1011,,41023,,1011,9467885678,1,,,,,,,,74009,,,,,,,,,
453913,0,0,0,102,102,2007-10-08 10:58:14,2007-10-08 10:59:56,0,0,0,70,0,2,1,1,1,-1,-1,0,0,0,0,0,0,0,0,0,0,0,0,0,0,0,1,3,4,0,1,0,0,0,0,0,0,0,0,0,0,0,0,00001026141191841094,74004,,2004,,,,2004,6186251935,4,,,,,,,,74004,,,,,,,,,
